accuracy: 0.9534147444595206
n_features: 30
feature_importance: [0.007566434751644208, 0.005313179211296496, 0.0034939158196467717, 0.001636488556614914, 0.0024298261774453166, 0.0412511182489634, 0.0599107683310659, 0.3733514752517315, 0.015022557399934492, 0.002842176048869798, 0.0010790484466535657, 0.0032184357133010536, 0.014739624442812481, 0.28435737045451764, 0.037218403505546394, 0.01815198173661411, 0.0022901128996839614, 0.003466958610399799, 0.002213409593300096, 0.0016553190377746297, 0.0005114511035378353, 0.0023177284477017596, 0.000915764392701034, 0.008503120816080732, 0.008185327805979033, 0.07102037634492328, 0.006598633145078701, 0.009444011903182507, 0.009288395140621934, 0.0020065866623764166]
